0
0
0
16
16
16
18
18
20
20
20
20
20
20
20
20
20
20
20
20
22
24
24
24
24
24
24
24
24
24
24
24
24
24
24
24
24
24
24
24
24
24
24
26
26
26
26
28
28
28
28
28
30
30
30
31
32
32
32
32
32
33
33
45
47
58
58
58
60
60
62
64
69
73
73
80
85
90
96
102
116
131
143
161
176
189
216
236
248
253
264
280
304
317
319
325
327
332
338
342
346
354
358
366
382
386
388
392
398
400
400
406
408
410
410
410
416
416
416
418
420
428
433
448
455
459
475
487
505
520
532
544
556
566
584
598
611
619
631
647
657
663
678
699
711
725
739
749
759
761
763
773
781
783
783
789
797
801
805
807
809
817
819
819
823
823
825
825
827
835
837
839
841
843
843
845
845
849
849
852
858
862
864
876
881
885
901
914
926
938
950
975
981
1009
1043
1054
1066
1077
1088
1102
1117
1129
1141
1155
1157
1161
1169
1181
1183
1191
1199
1203
1207
1211
1217
1223
1229
1235
1235
1235
1239
1241
1241
1245
1245
1247
1247
1247
1247
1249
1249
1251
1255
1257
1259
1259
1265
1270
1272
1274
1282
1284
1296
1320
1331
1345
1353
1367
1381
1401
1411
1433
1453
1471
1503
1518
1534
1544
1564
1570
1590
1596
1602
1610
1618
1630
1634
1642
1648
1648
1650
1652
1660
1660
1662
1668
1680
1686
1690
1692
1696
1700
1706
1712
1718
1722
1726
1732
1738
1744
1748
1752
1760
1768
1774
1780
1788
1801
1805
1811
1819
1831
1834
1854
1868
1882
1890
1916
1937
1941
1961
2003
2025
2029
2049
2073
2085
2097
2105
2115
2121
2125
2125
2135
2139
2139
2143
2143
2149
2155
2159
2161
2167
2169
2177
2177
2179
2181
2183
2187
2189
2195
2203
2205
2205
2211
2213
2215
2221
2227
2233
2239
2245
2247
2251
2257
2269
2281
2291
2303
2309
2321
2331
2351
2363
2381
2393
2405
2431
2449
2461
2473
2481
2495
2509
2533
2545
2557
2570
2590
2596
2604
2606
2618
2624
2626
2630
2636
2636
2636
2640
2644
2652
2660
2664
2668
2670
2670
2670
2670
2672
2672
2676
2678
2682
2684
2700
