0
0
0
0
0
0
0
0
0
0
0
0
0
0
0
0
0
0
0
0
0
0
0
0
0
0
0
0
0
0
0
0
0
0
0
0
0
0
0
0
0
0
0
0
0
0
0
0
0
0
0
0
0
0
0
0
0
0
0
0
0
0
0
0
0
0
0
0
0
0
0
0
0
0
0
0
0
0
0
0
0
0
0
0
0
0
0
0
0
0
0
0
0
0
0
0
0
0
0
0
0
0
0
1
1
1
1
1
1
2
2
3
3
3
3
3
4
4
4
5
5
5
5
5
6
7
7
8
11
11
11
13
15
19
19
19
20
20
20
23
26
26
27
28
29
29
29
29
29
32
33
36
39
40
40
42
42
42
43
43
45
45
47
49
49
49
50
50
50
50
50
50
50
50
50
50
50
50
50
51
51
51
51
52
52
52
52
52
52
52
52
52
52
52
52
52
52
52
52
52
52
52
52
52
52
52
52
52
52
52
52
52
53
53
53
53
53
54
54
54
54
55
56
57
57
58
59
60
61
61
63
64
66
66
66
67
67
68
71
71
72
75
77
77
77
78
80
80
82
83
86
87
88
88
88
90
91
91
91
91
92
93
93
93
93
95
95
95
95
96
96
98
98
98
98
99
99
99
99
99
99
99
99
99
99
99
100
100
100
100
100
100
100
100
100
100
100
100
100
100
100
100
100
100
100
100
100
100
100
100
100
100
100
100
100
100
100
100
100
100
100
100
100
100
100
100
100
100
100
101
101
101
101
101
102
102
102
102
102
102
103
103
103
104
105
105
105
106
106
106
107
107
108
109
109
110
111
112
112
114
115
118
120
121
122
122
123
126
126
128
128
131
132
134
135
135
135
138
139
139
139
139
141
141
142
142
143
143
143
144
144
144
144
144
144
144
144
145
145
145
145
145
145
145
145
145
146
147
147
147
147
147
147
147
147
147
147
147
147
147
147
147
147
147
147
147
147
147
147
147
147
147
147
147
147
147
147
147
147
147
148
148
148
148
149
149
149
150
150
150
150
150
150
150
150
150
150
150
150
150
152
152
152
153
155
156
157
158
158
158
160
161
161
161
161
163
164
166
169
169
169
169
170
171
171
173
173
174
176
176
178
178
178
181
182
182
185
186
186
188
188
191
192
192
192
192
192
192
192
192
193
193
193
193
195
195
195
195
195
195
195
195
195
195
195
195
195
195
195
195
195
195
195
196
196
196
196
196
197
197
197
197
197
197
197
197
197
197
197
197
197
197
197
197
197
197
197
197
198
199
199
199
199
199
199
199
200
200
200
200
200
202
202
202
202
202
202
203
203
203
204
204
204
205
207
207
207
207
207
207
208
208
210
210
210
213
213
213
216
216
218
220
221
223
223
223
223
227
227
228
231
233
234
235
237
238
240
240
240
241
243
243
243
243
243
243
245
245
245
245
245
245
245
245
245
245
245
245
245
245
245
245
245
245
245
245
245
245
245
245
245
245
245
245
245
245
245
245
245
245
245
245
245
245
245
245
245
245
245
245
245
245
245
245
245
245
245
245
245
245
245
245
245
245
245
245
246
246
246
246
246
246
246
246
246
246
246
246
247
249
250
250
250
251
251
252
253
253
255
255
256
256
259
260
261
262
263
264
264
265
266
269
271
271
273
274
275
276
277
278
279
279
279
283
284
284
284
286
287
289
289
289
290
290
290
290
291
291
291
291
291
291
292
292
292
293
293
293
293
293
293
294
294
294
294
294
294
294
294
294
294
294
294
294
294
294
294
294
294
294
294
294
294
294
294
295
295
295
295
295
295
