0
0
0
0
2
2
2
2
2
2
2
2
2
2
2
2
2
2
2
2
2
2
2
2
2
2
2
2
2
2
2
2
2
2
2
2
2
2
2
2
2
2
2
2
2
2
2
2
2
2
2
2
2
2
2
2
2
2
2
2
2
2
2
2
2
2
2
2
2
2
2
2
2
2
2
2
2
2
2
2
2
2
2
2
2
2
2
2
2
2
2
2
2
2
2
2
2
2
2
2
2
2
2
2
2
2
2
2
2
2
2
2
2
2
2
2
2
2
2
2
2
2
2
2
2
2
2
2
2
3
3
3
3
3
3
3
3
3
3
3
3
3
3
3
3
3
4
4
5
5
5
9
9
10
10
11
11
12
15
17
21
23
24
26
30
32
32
37
41
43
53
55
58
62
63
67
69
70
70
73
73
77
81
81
86
90
90
92
96
96
96
98
102
104
104
104
106
106
108
114
114
114
116
118
120
120
120
120
120
120
122
124
124
124
124
124
124
126
128
128
128
128
130
130
131
131
131
132
132
132
132
134
136
138
138
143
143
143
144
144
144
144
144
144
146
146
146
148
148
148
149
150
150
151
151
151
153
153
154
154
154
156
158
160
160
162
164
164
164
166
168
169
169
171
175
177
181
185
187
189
189
195
195
195
201
201
201
201
203
212
218
218
218
218
218
218
219
219
219
222
222
222
222
222
222
223
223
223
223
227
227
229
229
229
232
232
232
232
234
234
238
241
245
245
247
247
249
250
252
252
252
252
252
252
254
254
254
258
258
260
260
260
260
260
264
266
272
276
278
280
280
280
280
280
280
282
284
286
286
292
292
294
298
298
300
302
306
310
312
312
314
316
316
316
316
320
320
321
321
321
322
322
322
322
324
329
330
330
330
336
336
336
340
341
341
341
343
345
345
347
356
356
358
364
369
372
377
377
379
384
388
391
399
401
403
415
421
423
429
429
431
432
432
434
434
434
434
434
438
438
438
438
438
442
444
444
446
448
448
448
448
451
451
451
451
451
453
453
453
453
453
453
455
455
455
455
455
457
457
459
461
461
461
461
461
461
461
461
461
461
461
461
461
461
461
461
461
461
461
461
461
461
461
461
463
467
467
467
467
467
467
467
467
471
471
477
477
479
479
479
489
493
497
501
501
505
505
505
508
512
512
516
518
522
526
530
532
537
543
545
545
547
547
547
547
555
559
569
571
573
573
573
575
575
577
577
583
583
587
591
591
593
593
593
593
595
595
595
595
595
595
595
595
595
597
597
597
597
597
599
599
599
601
601
601
601
605
605
605
605
605
607
607
607
607
607
607
607
607
607
607
607
607
607
607
607
607
607
607
607
607
607
607
607
607
607
607
607
607
607
607
607
607
609
619
621
621
621
625
625
629
633
633
633
633
635
635
637
639
643
649
653
663
671
673
679
685
687
693
703
709
709
716
717
729
731
731
733
737
737
739
743
743
749
751
751
751
751
751
753
753
755
757
759
761
765
767
767
769
773
775
777
777
777
777
777
777
779
779
779
779
779
779
779
779
781
781
781
781
783
783
783
783
783
783
783
791
