0
0
0
0
0
0
0
0
0
0
0
0
0
0
0
0
0
0
0
0
0
0
0
0
0
0
0
0
0
0
0
0
0
0
0
0
0
0
0
0
0
0
0
0
0
0
0
0
0
0
0
0
0
1
1
1
2
3
3
4
4
5
5
6
7
11
11
15
19
20
20
26
27
29
29
29
33
39
40
42
43
45
47
49
50
50
50
50
50
50
50
51
51
52
52
52
52
52
52
52
52
52
52
52
52
52
52
53
53
53
54
54
56
57
59
61
63
66
66
67
71
72
77
77
80
82
86
88
88
91
91
92
93
93
95
95
96
98
98
99
99
99
99
99
100
100
100
100
100
100
100
100
100
100
100
100
100
100
100
100
100
100
100
100
100
100
101
101
102
102
102
103
103
105
105
106
107
108
109
111
112
115
120
122
123
126
128
132
135
135
139
139
141
142
143
143
144
144
144
144
145
145
145
145
146
147
147
147
147
147
147
147
147
147
147
147
147
147
147
147
147
148
148
149
149
150
150
150
150
150
150
152
152
155
157
158
160
161
161
164
169
169
170
171
173
176
178
178
182
185
186
188
192
192
192
192
193
193
195
195
195
195
195
195
195
195
195
195
196
196
197
197
197
197
197
197
197
197
197
197
198
199
199
199
200
200
200
202
202
202
203
204
204
207
207
207
208
210
210
213
216
218
221
223
223
227
231
234
237
240
240
243
243
243
245
245
245
245
245
245
245
245
245
245
245
245
245
245
245
245
245
245
245
245
245
245
245
245
245
245
245
245
245
245
246
246
246
246
246
246
247
250
250
251
253
255
256
259
261
263
264
266
271
273
275
277
279
279
284
284
287
289
290
290
291
291
291
292
292
293
293
293
294
294
294
294
294
294
294
294
294
294
294
294
295
295
295
295
295
295
295
295
295
295
295
295
296
