0
0
0
0
16
16
16
16
16
18
18
18
18
18
20
20
20
20
20
20
20
20
20
20
20
20
20
20
20
20
20
20
20
20
20
20
20
22
22
22
24
24
24
24
24
24
24
24
24
24
24
24
24
24
24
24
24
24
24
24
24
24
24
24
24
24
24
24
24
24
24
24
24
24
24
24
24
24
24
24
24
24
24
24
26
26
26
26
26
26
26
26
28
28
28
28
28
28
28
28
28
30
30
30
30
30
30
31
31
32
32
32
32
32
32
32
32
32
32
32
33
33
33
33
45
47
47
53
58
58
58
58
58
60
60
60
60
62
62
64
64
66
69
71
73
73
73
75
80
82
85
90
90
93
96
100
102
109
116
124
131
133
143
151
161
166
176
189
189
206
216
226
236
246
248
249
253
257
264
276
280
294
304
308
317
318
319
321
325
325
327
329
332
332
338
340
342
346
346
348
354
354
358
366
366
376
382
384
386
388
388
392
392
392
398
398
400
400
400
402
406
406
408
408
410
410
410
410
410
414
416
416
416
416
416
418
418
418
420
426
428
431
433
434
448
451
455
459
459
465
475
487
487
494
505
509
520
528
532
540
544
554
556
562
566
576
584
590
598
607
611
611
619
623
631
641
647
651
657
657
663
671
678
690
699
703
711
719
725
731
739
743
749
757
759
759
761
761
763
773
773
775
781
781
783
783
783
787
789
791
797
799
801
805
805
807
807
807
809
811
817
817
819
819
819
823
823
823
823
823
825
825
825
825
827
829
835
835
837
839
839
841
841
843
843
843
843
843
845
845
845
845
849
849
849
849
852
852
858
860
862
864
864
864
876
881
881
883
885
889
901
909
914
924
926
930
938
942
950
971
975
975
981
1001
1009
1026
1043
1046
1054
1062
1066
1072
1077
1079
1088
1098
1102
1105
1117
1121
1129
1137
1141
1151
1155
1157
1157
1159
1161
1163
1169
1175
1181
1183
1183
1187
1191
1197
1199
1201
1203
1204
1207
1207
1211
1217
1217
1217
1223
1225
1229
1231
1235
1235
1235
1235
1235
1237
1239
1241
1241
1241
1241
1245
1245
1245
1245
1247
1247
1247
1247
1247
1247
1247
1247
1249
1249
1249
1249
1251
1251
1253
1255
1257
1257
1259
1259
1259
1259
1261
1265
1265
1270
1272
1272
1272
1274
1280
1282
1282
1284
1288
1296
1300
1320
1328
1331
1337
1345
1351
1353
1365
1367
1377
1381
1385
1401
1407
1411
1421
1433
1441
1453
1461
1471
1487
1503
1512
1518
1532
1534
1540
1544
1558
1564
1570
1570
1586
1590
1592
1596
1600
1602
1606
1610
1612
1618
1630
1630
1632
1634
1638
1642
1646
1648
1648
1648
1650
1650
1652
1652
1660
1660
1660
1660
1662
1662
1662
1668
1672
1680
1684
1686
1690
1690
1690
1692
1696
1696
1698
1700
1702
1706
1712
1712
1716
1718
1722
1722
1726
1726
1730
1732
1736
1738
1742
1744
1746
1748
1750
1752
1760
1760
1764
1768
1768
1774
1780
1780
1784
1788
1789
1801
1803
1805
1811
1811
1811
1819
1827
1831
1831
1834
1834
1854
1858
1868
1876
1882
1884
1890
1906
1916
1929
1937
1937
1941
1959
1961
1987
2003
2013
2025
2029
2029
2041
2049
2053
2073
2081
2085
2093
2097
2101
2105
2115
2115
2119
2121
2121
2125
2125
2125
2125
2135
2135
2139
2139
2139
2141
2143
2143
2143
2147
2149
2149
2155
2157
2159
2161
2161
2163
2167
2167
2169
2175
2177
2177
2177
2179
2179
2181
2181
2183
2183
2183
2187
2187
2189
2191
2195
2199
2203
2205
2205
2205
2205
2207
2211
2213
2213
2215
2215
2217
2221
2223
2227
2231
2233
2233
2239
2243
2245
2247
2247
2247
2251
2251
2257
2259
2269
2273
2281
2287
2291
2299
2303
2305
2309
2313
2321
2327
2331
2335
2351
2361
2363
2371
2381
2389
2393
2403
2405
2415
2431
2439
2449
2459
2461
2463
2473
2475
2481
2487
2495
2503
2509
2521
2533
2543
2545
2549
2557
2561
2570
2584
2590
2594
2596
2598
2604
2606
2606
2614
2618
2620
2624
2626
2626
2628
2630
2632
2636
2636
2636
2636
2636
2636
2640
2644
2644
2648
2652
2654
2660
2664
2664
2666
2668
2668
2686
