     0/199     6.13G   0.07304    0.1255         0    0.1985       238       416         0         0 0.0001326 2.062e-05    0.0325    0.2983         0
     1/199     6.09G   0.05871    0.1126         0    0.1713       249       416         0         0 1.594e-06 3.121e-07   0.03364    0.3465         0
     2/199     6.09G   0.04496    0.1162         0    0.1611       237       416    0.2992    0.8519    0.4248   0.08013   0.02283    0.1762         0
     3/199     6.09G   0.03679    0.1086         0    0.1454       188       416    0.2914    0.9749    0.4319    0.1437   0.02601    0.1161         0
     4/199     6.09G   0.03252    0.1024         0    0.1349       243       416    0.4028    0.9823    0.6665     0.205   0.01713    0.1179         0
     5/199     6.09G   0.03211    0.1011         0    0.1332       225       416   0.05688     0.861    0.4871   0.07891   0.02363     1.229         0
     6/199     6.09G   0.02952   0.09599         0    0.1255       218       416    0.2593    0.9813    0.9345    0.5082   0.01305    0.1228         0
     7/199     6.09G   0.03026    0.0977         0     0.128       229       416    0.5656    0.9833    0.8656    0.4491   0.01339      0.11         0
     8/199     6.09G   0.03087   0.09194         0    0.1228       171       416   0.08406     0.984     0.727      0.37   0.01543    0.3412         0
     9/199     6.09G   0.02609   0.08844         0    0.1145       205       416    0.1296    0.9736    0.9297    0.4416   0.01455    0.3266         0
    10/199     6.09G   0.02529   0.08754         0    0.1128       217       416    0.9075    0.9764    0.9778    0.4034   0.01333   0.09817         0
    11/199     6.09G   0.02611   0.08218         0    0.1083       265       416    0.8797    0.9824    0.9826    0.6121  0.009691   0.08146         0
    12/199     6.09G   0.02413   0.08067         0    0.1048       241       416    0.8441    0.9848    0.9732    0.5199   0.01064   0.08636         0
    13/199     6.09G   0.02542    0.0811         0    0.1065       187       416    0.1277    0.9484    0.7274     0.242   0.01836    0.1977         0
    14/199     6.09G   0.02445   0.07877         0    0.1032       169       416    0.8375    0.9846    0.9818    0.6732  0.009348   0.08771         0
    15/199     6.09G   0.02177   0.07861         0    0.1004       203       416    0.9433    0.9834    0.9851    0.6849  0.008976   0.07647         0
    16/199     6.09G   0.02131   0.07652         0   0.09783       200       416    0.1977    0.9835    0.9845    0.7622  0.008108   0.09628         0
    17/199     6.09G    0.0222   0.07991         0    0.1021       200       416    0.9453    0.9844    0.9848    0.6205   0.01101   0.08271         0
    18/199     6.09G   0.02035   0.07163         0   0.09198       267       416    0.9454    0.9832    0.9843    0.7886  0.006098   0.06777         0
    19/199     6.09G   0.02065   0.07168         0   0.09233       159       416    0.9429     0.983    0.9848    0.7054  0.009051   0.07399         0
    20/199     6.09G   0.01946   0.06608         0   0.08554       246       416    0.9557    0.9834    0.9848    0.7563  0.007677   0.06835         0
    21/199     6.09G   0.01794   0.06959         0   0.08753       246       416    0.9476    0.9838    0.9847    0.7164     0.008   0.07087         0
    22/199     6.09G   0.01609   0.06321         0    0.0793       152       416    0.9447     0.986    0.9851    0.7696  0.008522   0.07181         0
    23/199     6.09G   0.01783   0.06752         0   0.08535       192       416    0.2431     0.984    0.9844    0.5608   0.01172    0.1077         0
    24/199     6.09G   0.01679   0.06501         0   0.08181       233       416    0.9421    0.9861    0.9885    0.8447  0.005091   0.05883         0
    25/199     6.09G   0.01582   0.06409         0   0.07992       226       416     0.937    0.9855    0.9849    0.7784   0.00651    0.0633         0
    26/199     6.09G   0.01691   0.06244         0   0.07935       257       416    0.9581    0.9837    0.9847    0.8212   0.00552   0.05685         0
    27/199     6.09G   0.01569   0.06304         0   0.07873       210       416    0.9057    0.9875    0.9869    0.7641  0.006928   0.06541         0
    28/199     6.09G   0.01551   0.05973         0   0.07524       227       416     0.959    0.9837    0.9847    0.8261  0.005455   0.05363         0
    29/199     6.09G   0.01551   0.05836         0   0.07387       214       416    0.9589    0.9863    0.9849    0.7298  0.007337   0.06411         0
    30/199     6.09G   0.01445   0.05964         0   0.07409       279       416    0.8226     0.987    0.9862    0.7785  0.008452   0.07248         0
    31/199     6.09G   0.01546   0.05819         0   0.07364       256       416    0.9595    0.9881    0.9939    0.7587  0.008124   0.06652         0
    32/199     6.09G   0.01572   0.05768         0    0.0734       287       416    0.9417    0.9885    0.9928    0.8519  0.006933   0.06164         0
    33/199     6.09G   0.01673   0.06142         0   0.07815       136       416    0.9492     0.986    0.9865    0.7685  0.008135   0.06684         0
    34/199     6.09G   0.01436   0.05784         0    0.0722       267       416    0.9476    0.9864    0.9856    0.8244  0.005317   0.05863         0
    35/199     6.09G   0.01396   0.05835         0    0.0723       222       416    0.9595    0.9852    0.9849     0.866  0.004662   0.05074         0
    36/199     6.09G   0.01488   0.05673         0   0.07161       224       416    0.9516    0.9888    0.9942    0.8508  0.005294    0.0533         0
    37/199     6.09G   0.01464   0.05599         0   0.07063       175       416    0.9611    0.9878    0.9938    0.8262  0.004904   0.05215         0
    38/199     6.09G   0.01514   0.05741         0   0.07256       175       416    0.9523    0.9874    0.9931    0.7855  0.006349   0.06175         0
    39/199     6.09G    0.0144   0.05678         0   0.07118       168       416    0.9591    0.9869    0.9892    0.7344  0.008757   0.06959         0
    40/199     6.09G   0.01408   0.05552         0    0.0696       268       416    0.9517    0.9873    0.9908    0.8445  0.005153   0.05227         0
    41/199     6.09G   0.01367   0.05389         0   0.06757       217       416    0.9488    0.9877    0.9934    0.8372  0.004938   0.05253         0
    42/199     6.09G   0.01404   0.05326         0   0.06731       279       416     0.962    0.9873    0.9918    0.8677  0.004762   0.04928         0
    43/199     6.09G   0.01356    0.0553         0   0.06886       218       416    0.9608    0.9858    0.9848     0.861  0.004529   0.05019         0
    44/199     6.09G   0.01453   0.05409         0   0.06862       232       416    0.9521    0.9889    0.9941    0.8362  0.005514   0.05338         0
    45/199     6.09G   0.01215   0.05438         0   0.06654       224       416    0.9583    0.9883    0.9938    0.7744  0.006834   0.06038         0
    46/199     6.09G   0.01366   0.05363         0    0.0673       210       416     0.954    0.9893    0.9944    0.8513  0.004768   0.05378         0
    47/199     6.09G   0.01252   0.05222         0   0.06474       227       416     0.957    0.9878    0.9936    0.8533  0.004905   0.04949         0
    48/199     6.09G   0.01381   0.05285         0   0.06666       240       416     0.953    0.9889    0.9896    0.8781  0.004494   0.04845         0
    49/199     6.09G   0.01302   0.05241         0   0.06542       180       416    0.9651    0.9875    0.9937    0.8596  0.005168   0.04992         0
    50/199     6.09G   0.01205    0.0525         0   0.06455       248       416    0.9618    0.9861    0.9849    0.7745  0.006685   0.05835         0
    51/199     6.09G   0.01116   0.05259         0   0.06375       239       416    0.9605    0.9882    0.9941    0.8692  0.004523   0.04654         0
    52/199     6.09G   0.01313   0.05281         0   0.06594       253       416    0.9612    0.9889    0.9942    0.8806  0.004315   0.04785         0
    53/199     6.09G   0.01157   0.04848         0   0.06005       210       416    0.9625    0.9883    0.9938    0.8908  0.004003   0.04324         0
    54/199     6.09G   0.01201   0.05144         0   0.06345       254       416    0.9624    0.9883    0.9941    0.8813  0.004431   0.04563         0
    55/199     6.09G   0.01215   0.05036         0   0.06251       226       416    0.9531    0.9895    0.9943    0.8656   0.00478   0.04729         0
    56/199     6.09G   0.01225   0.04944         0   0.06169       225       416    0.9607    0.9886    0.9939    0.8432   0.00465   0.04754         0
    57/199     6.09G   0.01208   0.05184         0   0.06393       283       416    0.9641    0.9876    0.9928    0.8552  0.005065   0.04925         0
    58/199     6.09G   0.01199   0.04954         0   0.06153       219       416    0.9588    0.9903    0.9945    0.8905  0.004084   0.04466         0
    59/199     6.09G    0.0111   0.04788         0   0.05898       180       416    0.9649    0.9867    0.9875    0.8884  0.004082   0.04224         0
    60/199     6.09G   0.01215   0.05051         0   0.06267       223       416    0.9615    0.9899    0.9945    0.8847  0.004274   0.04533         0
    61/199     6.09G   0.01045   0.04726         0   0.05772       260       416    0.9643    0.9891    0.9944    0.8872  0.004271   0.04384         0
    62/199     6.09G   0.01219   0.04906         0   0.06126       188       416    0.9638    0.9888    0.9944    0.8816  0.003959    0.0417         0
    63/199     6.09G   0.01234    0.0489         0   0.06123       247       416    0.9617    0.9903    0.9946    0.9048  0.003841   0.04196         0
    64/199     6.09G   0.01136   0.04798         0   0.05934       190       416    0.9644    0.9876    0.9901    0.8632  0.004334   0.04423         0
    65/199     6.09G    0.0106   0.04474         0   0.05534       217       416    0.9653     0.989    0.9945    0.9138  0.003891   0.04069         0
    66/199     6.09G     0.012   0.04861         0    0.0606       210       416    0.9671    0.9884    0.9941    0.8921  0.004273   0.04269         0
    67/199     6.09G   0.01069   0.04437         0   0.05506       182       416    0.9585    0.9892    0.9942    0.8614  0.004647   0.04628         0
    68/199     6.09G   0.01117   0.04789         0   0.05906       181       416    0.9665    0.9892    0.9945    0.8756  0.004378   0.04502         0
    69/199     6.09G   0.01141   0.04732         0   0.05873       180       416    0.9637    0.9892    0.9944    0.8874  0.003796   0.04077         0
    70/199     6.09G   0.01107   0.04547         0   0.05653       239       416    0.9644    0.9889    0.9945    0.9019  0.003942   0.04085         0
    71/199     6.09G   0.01129   0.04598         0   0.05726       177       416    0.9653    0.9882    0.9941    0.9205  0.003602   0.03865         0
    72/199     6.09G   0.01107    0.0461         0   0.05717       161       416     0.965    0.9892    0.9945    0.9118  0.003808   0.03975         0
    73/199     6.09G   0.01047   0.04411         0   0.05458       303       416    0.9642    0.9894    0.9945    0.9201   0.00366   0.03822         0
    74/199     6.09G   0.01102   0.04572         0   0.05674       168       416     0.968    0.9886    0.9943    0.9011  0.003536   0.03901         0
    75/199     6.09G   0.01077   0.04463         0    0.0554       222       416    0.9499    0.9897    0.9937    0.9241  0.003887   0.04242         0
    76/199     6.09G   0.01001   0.04397         0   0.05398       275       416    0.9645    0.9895    0.9945    0.9131  0.003619   0.03893         0
    77/199     6.09G   0.01092   0.04496         0   0.05588       296       416    0.9638    0.9894    0.9945    0.9228  0.003409   0.03777         0
    78/199     6.09G    0.0107   0.04275         0   0.05346       209       416    0.9652    0.9894    0.9945     0.921  0.003573   0.03824         0
    79/199     6.09G  0.009652   0.04298         0   0.05263       238       416    0.9682    0.9898    0.9946    0.9286  0.003363   0.03666         0
    80/199     6.09G   0.01054   0.04329         0   0.05382       241       416    0.9658    0.9893    0.9945    0.9058  0.003891   0.04034         0
    81/199     6.09G  0.009575   0.04753         0    0.0571       183       416    0.9679    0.9881    0.9936    0.9047   0.00393   0.04267         0
    82/199     6.09G  0.009977   0.04536         0   0.05533       187       416    0.9683    0.9885    0.9943    0.8938  0.004417   0.04382         0
    83/199     6.09G   0.01004   0.04414         0   0.05418       241       416    0.9655    0.9884    0.9941    0.9159  0.003459   0.03583         0
    84/199     6.09G   0.01072    0.0443         0   0.05502       242       416    0.9647    0.9905    0.9946    0.9133  0.003723   0.03955         0
    85/199     6.09G  0.009815    0.0439         0   0.05372       182       416    0.9627    0.9907    0.9947    0.9182  0.003707   0.04034         0
    86/199     6.09G   0.01029   0.04377         0   0.05406       198       416    0.9657    0.9888    0.9942    0.9105  0.003813   0.04073         0
    87/199     6.09G  0.009819   0.04464         0   0.05445       215       416    0.9692    0.9896    0.9946    0.8704  0.004137   0.04187         0
    88/199     6.09G   0.01041   0.04429         0   0.05469       243       416    0.9701    0.9888    0.9945    0.9198  0.003628   0.03815         0
    89/199     6.09G  0.009719   0.04361         0   0.05332       209       416    0.9658    0.9892    0.9944    0.8463  0.004523   0.04495         0
    90/199     6.09G  0.008997   0.04199         0   0.05099       232       416    0.9658    0.9898    0.9946    0.9288  0.003279   0.03605         0
    91/199     6.09G  0.009575   0.04184         0   0.05141       275       416    0.9719    0.9874    0.9916    0.9236  0.003374   0.03654         0
    92/199     6.09G  0.009518   0.04317         0   0.05269       194       416    0.9677    0.9901    0.9947    0.9065  0.003908   0.04066         0
    93/199     6.09G  0.009808    0.0417         0   0.05151       244       416    0.9684    0.9897    0.9946    0.9397   0.00316     0.035         0
    94/199     6.09G  0.009772   0.04124         0   0.05101       241       416    0.9654    0.9905    0.9946    0.9271  0.003581    0.0384         0
    95/199     6.09G   0.01005    0.0418         0   0.05186       261       416    0.9608    0.9902    0.9946    0.9319  0.003323   0.03618         0
    96/199     6.09G  0.009301    0.0419         0    0.0512       244       416    0.9691    0.9893    0.9946    0.9164  0.003453   0.03743         0
    97/199     6.09G  0.009046   0.04044         0   0.04948       223       416    0.9675    0.9893    0.9945    0.9337  0.003234   0.03597         0
    98/199     6.09G  0.008705    0.0413         0   0.05001       122       416    0.9703    0.9902    0.9947    0.9258    0.0034   0.03588         0
    99/199     6.09G  0.009156   0.04122         0   0.05037       219       416    0.9719    0.9904    0.9947    0.9279  0.003323   0.03655         0
   100/199     6.09G  0.009503   0.04224         0   0.05174       229       416    0.9696    0.9903    0.9947    0.9426  0.003068   0.03366         0
   101/199     6.09G  0.009831   0.04197         0    0.0518       210       416    0.9688    0.9905    0.9947    0.9124  0.003447   0.03855         0
   102/199     6.09G  0.009252   0.03929         0   0.04854       258       416    0.9687    0.9905    0.9947    0.9309  0.003352   0.03497         0
   103/199     6.09G   0.00854   0.03963         0   0.04817       207       416    0.9707    0.9901    0.9947    0.9283  0.003323   0.03587         0
   104/199     6.09G   0.00938    0.0386         0   0.04798       170       416    0.9698    0.9901    0.9947    0.9337  0.003142   0.03394         0
   105/199     6.09G  0.009347    0.0395         0   0.04885       261       416    0.9704    0.9903    0.9947    0.8976  0.003772   0.03853         0
   106/199     6.09G  0.009276   0.04044         0   0.04972       212       416    0.9631    0.9908    0.9947    0.9412  0.003108   0.03385         0
   107/199     6.09G  0.007931     0.038         0   0.04593       243       416    0.9677    0.9901    0.9947    0.9274  0.003181   0.03366         0
   108/199     6.09G  0.009124   0.03889         0   0.04802       257       416    0.9714    0.9903    0.9947    0.9484  0.002959   0.03194         0
   109/199     6.09G  0.008099    0.0369         0     0.045       203       416    0.9707    0.9905    0.9947    0.9469  0.002954   0.03165         0
   110/199     6.09G  0.009088   0.03839         0   0.04748       220       416    0.9708    0.9906    0.9947    0.9474   0.00301   0.03249         0
   111/199     6.09G   0.00807   0.03816         0   0.04623       229       416    0.9721    0.9904    0.9947    0.9505  0.003143   0.03335         0
   112/199     6.09G   0.00898   0.03887         0   0.04785       217       416    0.9697    0.9903    0.9947    0.9226  0.003443   0.03567         0
   113/199     6.09G  0.008875   0.03974         0   0.04862       185       416    0.9712    0.9901    0.9947    0.9279  0.003394   0.03658         0
   114/199     6.09G  0.008326   0.03763         0   0.04596       148       416    0.9718    0.9899    0.9947    0.9074  0.003801    0.0381         0
   115/199     6.09G   0.00817   0.03728         0   0.04545       180       416    0.9705    0.9907    0.9947    0.9432  0.003056   0.03282         0
   116/199     6.09G  0.008327   0.03726         0   0.04559       238       416    0.9679    0.9896    0.9946    0.9498  0.002936   0.03176         0
   117/199     6.09G  0.007864   0.03688         0   0.04474       264       416      0.97    0.9906    0.9947    0.9411  0.003052    0.0328         0
   118/199     6.09G  0.008637   0.03757         0   0.04621       130       416    0.9691    0.9905    0.9947    0.9428  0.002979   0.03215         0
   119/199     6.09G   0.00801   0.03681         0   0.04482       218       416    0.9706    0.9903    0.9947    0.9528  0.002819   0.03025         0
   120/199     6.09G  0.008034   0.03623         0   0.04427       223       416    0.9709    0.9897    0.9946    0.9495  0.002953   0.03213         0
   121/199     6.09G  0.008039   0.03574         0   0.04378       267       416    0.9742    0.9903    0.9948    0.9508  0.002972   0.03205         0
   122/199     6.09G  0.007681   0.03584         0   0.04352       184       416    0.9737    0.9907    0.9947    0.9503  0.002976   0.03153         0
   123/199     6.09G  0.008285   0.03613         0   0.04442       185       416    0.9702    0.9912    0.9949     0.943  0.003043   0.03215         0
   124/199     6.09G  0.008088   0.03644         0   0.04452       276       416    0.9729    0.9907    0.9947    0.9389    0.0031   0.03276         0
   125/199     6.09G  0.007439   0.03668         0   0.04412       192       416    0.9706    0.9902    0.9947    0.9505  0.002926   0.03157         0
   126/199     6.09G  0.008101   0.03701         0   0.04511       162       416    0.9713      0.99    0.9947    0.9463   0.00301   0.03207         0
   127/199     6.09G  0.008164   0.03566         0   0.04383       176       416    0.9731    0.9908    0.9947    0.9527   0.00282   0.02975         0
   128/199     6.09G  0.007722    0.0354         0   0.04313       204       416     0.972    0.9911    0.9947    0.9549  0.002814   0.02989         0
   129/199     6.09G  0.008238   0.03674         0   0.04497       199       416    0.9726    0.9893    0.9946    0.9461   0.00298    0.0316         0
   130/199     6.09G    0.0074   0.03586         0   0.04326       151       416    0.9713    0.9908    0.9947    0.9382  0.003143   0.03276         0
   131/199     6.09G   0.00796   0.03621         0   0.04417       142       416    0.9738    0.9906    0.9947    0.9529  0.002813   0.03021         0
   132/199     6.09G  0.008427   0.03632         0   0.04475       215       416    0.9698    0.9909    0.9947    0.9563  0.002779   0.03008         0
   133/199     6.09G  0.007911    0.0346         0   0.04251       176       416    0.9742    0.9904    0.9947    0.9557  0.002816   0.02988         0
   134/199     6.09G  0.007263   0.03405         0   0.04131       219       416    0.9715    0.9909    0.9948    0.9558  0.002791   0.02984         0
   135/199     6.09G  0.007956   0.03416         0   0.04211       182       416    0.9742    0.9903    0.9947    0.9476  0.002942   0.03124         0
   136/199     6.09G  0.007263   0.03506         0   0.04232       183       416    0.9702    0.9907    0.9947    0.9533  0.002814   0.03022         0
   137/199     6.09G  0.007714   0.03511         0   0.04282       175       416    0.9701    0.9907    0.9947    0.9492  0.002988   0.03181         0
   138/199     6.09G  0.007572   0.03609         0   0.04366       272       416    0.9702    0.9916    0.9949    0.9534  0.002845   0.03067         0
   139/199     6.09G  0.008197   0.03419         0   0.04239       188       416    0.9727    0.9907    0.9947    0.9585  0.002708   0.02889         0
   140/199     6.09G  0.007667   0.03447         0   0.04214       172       416    0.9732    0.9908    0.9948    0.9578   0.00274   0.02926         0
   141/199     6.09G  0.007788   0.03461         0    0.0424       198       416    0.9723     0.991    0.9947    0.9532  0.002799   0.02994         0
   142/199     6.09G    0.0075   0.03376         0   0.04126       239       416    0.9733    0.9916    0.9949    0.9479  0.003094   0.03161         0
   143/199     6.09G  0.007353   0.03401         0   0.04136       217       416    0.9724    0.9913    0.9948    0.9478  0.003004    0.0311         0
   144/199     6.09G  0.007496   0.03258         0   0.04007       261       416    0.9731    0.9914    0.9948    0.9606  0.002633   0.02784         0
   145/199     6.09G  0.007253   0.03388         0   0.04113       212       416    0.9729    0.9907    0.9947    0.9597   0.00267   0.02802         0
   146/199     6.09G  0.007706    0.0341         0   0.04181       256       416    0.9722    0.9909    0.9948    0.9546  0.002843   0.02977         0
   147/199     6.09G  0.007209     0.034         0   0.04121       222       416    0.9714    0.9908    0.9948    0.9604  0.002698   0.02869         0
   148/199     6.09G  0.006987    0.0322         0   0.03919       292       416    0.9731    0.9909    0.9947    0.9588  0.002718   0.02849         0
   149/199     6.09G  0.007426   0.03264         0   0.04006       211       416    0.9736    0.9902    0.9947    0.9583  0.002737   0.02873         0
   150/199     6.09G  0.007172   0.03137         0   0.03854       171       416    0.9749    0.9902    0.9947    0.9495  0.002872    0.0298         0
   151/199     6.09G  0.007218   0.03405         0   0.04126       230       416    0.9732    0.9923    0.9949    0.9611  0.002658   0.02801         0
   152/199     6.09G  0.007777   0.03253         0   0.04031       226       416    0.9702    0.9915    0.9949    0.9571  0.002734   0.02892         0
   153/199     6.09G  0.007549   0.03097         0   0.03851       156       416    0.9731      0.99    0.9947    0.9466  0.002949   0.03107         0
   154/199     6.09G  0.007457   0.03176         0   0.03921       142       416    0.9722    0.9912    0.9948    0.9574  0.002738   0.02904         0
   155/199     6.09G  0.007547   0.03156         0   0.03911       228       416    0.9764    0.9912    0.9948    0.9556  0.002793   0.02936         0
   156/199     6.09G  0.007038   0.03189         0   0.03893       221       416    0.9724    0.9904    0.9947    0.9603  0.002669   0.02796         0
   157/199     6.09G  0.007564   0.03268         0   0.04025       192       416    0.9756    0.9909    0.9948    0.9556  0.002795    0.0291         0
   158/199     6.09G  0.007004   0.03245         0   0.03945       194       416    0.9726    0.9912    0.9948    0.9622   0.00263   0.02802         0
   159/199     6.09G  0.007869   0.03303         0    0.0409       194       416    0.9733    0.9915    0.9949    0.9619  0.002621    0.0275         0
   160/199     6.09G  0.006826   0.03252         0   0.03934       253       416    0.9734    0.9907    0.9948    0.9622   0.00261   0.02743         0
   161/199     6.09G  0.006625   0.03161         0   0.03824       243       416     0.973    0.9912    0.9949    0.9626  0.002561   0.02701         0
   162/199     6.09G  0.007344   0.03248         0   0.03982       235       416    0.9734    0.9909    0.9948    0.9619  0.002615    0.0274         0
   163/199     6.09G  0.007176   0.03185         0   0.03902       269       416    0.9739    0.9917    0.9948    0.9626  0.002592   0.02715         0
   164/199     6.09G  0.006561   0.03066         0   0.03722       141       416    0.9726    0.9916    0.9949    0.9596  0.002684   0.02832         0
   165/199     6.09G  0.007322   0.03105         0   0.03837       239       416    0.9727    0.9914    0.9949     0.962  0.002608   0.02747         0
   166/199     6.09G  0.007196   0.03146         0   0.03866       232       416    0.9713    0.9914    0.9949    0.9606   0.00262   0.02781         0
   167/199     6.09G  0.006642   0.03066         0    0.0373       197       416    0.9757    0.9919    0.9949    0.9638  0.002546   0.02681         0
   168/199     6.09G  0.006991   0.03122         0   0.03821       148       416    0.9749     0.991    0.9948    0.9591  0.002668   0.02814         0
   169/199     6.09G   0.00668    0.0307         0   0.03738       218       416    0.9731    0.9916    0.9949    0.9612   0.00263   0.02768         0
   170/199     6.09G  0.006722   0.03117         0   0.03789       215       416    0.9732    0.9915    0.9949    0.9637  0.002543   0.02679         0
   171/199     6.09G  0.006713   0.03072         0   0.03744       210       416    0.9742    0.9914    0.9949    0.9621   0.00262   0.02705         0
   172/199     6.09G  0.006878   0.03146         0   0.03834       193       416     0.975     0.991    0.9948    0.9627  0.002592   0.02704         0
   173/199     6.09G  0.006753   0.03133         0   0.03808       213       416    0.9758    0.9906    0.9948    0.9626  0.002587   0.02714         0
   174/199     6.09G  0.006626   0.02982         0   0.03644       169       416    0.9749    0.9917    0.9949    0.9628  0.002565    0.0265         0
   175/199     6.09G  0.006863   0.03126         0   0.03813       177       416    0.9738    0.9912    0.9948    0.9638  0.002537   0.02636         0
   176/199     6.09G  0.006633   0.03101         0   0.03764       161       416    0.9735    0.9909    0.9948    0.9626  0.002545   0.02661         0
   177/199     6.09G  0.006886   0.03051         0    0.0374       216       416     0.974    0.9911    0.9948    0.9634  0.002544   0.02641         0
   178/199     6.09G  0.006661   0.03129         0   0.03795       239       416    0.9742     0.991    0.9948     0.964  0.002502   0.02608         0
   179/199     6.09G  0.007118   0.03007         0   0.03718       248       416    0.9741    0.9917    0.9949    0.9638  0.002532   0.02656         0
   180/199     6.09G  0.006429   0.03023         0   0.03666       208       416    0.9743    0.9916    0.9949    0.9648  0.002491   0.02586         0
   181/199     6.09G  0.006536   0.03054         0   0.03708       209       416    0.9728    0.9922    0.9949    0.9625  0.002594    0.0269         0
   182/199     6.09G  0.006727   0.03154         0   0.03827       194       416    0.9736    0.9918    0.9949    0.9641  0.002501   0.02613         0
   183/199     6.09G  0.006554      0.03         0   0.03655       242       416    0.9746    0.9911    0.9949     0.964  0.002525   0.02622         0
   184/199     6.09G  0.006748   0.03015         0   0.03689       198       416    0.9733    0.9918    0.9949    0.9651   0.00247   0.02574         0
   185/199     6.09G  0.007058   0.03104         0    0.0381       206       416    0.9747    0.9911    0.9948    0.9648  0.002498   0.02593         0
   186/199     6.09G  0.006571   0.03049         0   0.03706       179       416    0.9739    0.9914    0.9949    0.9635  0.002527   0.02663         0
   187/199     6.09G  0.006283   0.03161         0   0.03789       229       416    0.9745    0.9918    0.9949     0.964  0.002513   0.02628         0
   188/199     6.09G  0.006872   0.03109         0   0.03796       279       416    0.9748    0.9911    0.9948     0.965  0.002505   0.02598         0
   189/199     6.09G  0.006949    0.0301         0   0.03705       128       416    0.9742    0.9912    0.9948     0.964  0.002511   0.02608         0
   190/199     6.09G  0.006627   0.03054         0   0.03717       203       416    0.9736    0.9913    0.9949    0.9616  0.002601   0.02698         0
   191/199     6.09G  0.006165   0.02969         0   0.03586       258       416    0.9742    0.9914    0.9949    0.9649  0.002518   0.02629         0
   192/199     6.09G  0.006311   0.03141         0   0.03772       199       416    0.9741    0.9906    0.9947    0.9602  0.002662   0.02753         0
   193/199     6.09G  0.006762   0.03065         0   0.03742       200       416     0.974    0.9914    0.9949    0.9655  0.002491   0.02614         0
   194/199     6.09G  0.006778    0.0305         0   0.03727       208       416    0.9749    0.9915    0.9949    0.9654  0.002472   0.02565         0
   195/199     6.09G  0.006812   0.03016         0   0.03697       178       416    0.9744    0.9921    0.9949    0.9659  0.002445   0.02564         0
   196/199     6.09G  0.006477   0.02962         0    0.0361       237       416     0.976    0.9917    0.9949    0.9649  0.002489   0.02584         0
   197/199     6.09G  0.006959   0.03056         0   0.03752       198       416    0.9754    0.9914    0.9949    0.9655  0.002473   0.02563         0
   198/199     6.09G  0.006562   0.02919         0   0.03575       197       416    0.9765    0.9917    0.9949    0.9656   0.00246   0.02578         0
   199/199     6.09G  0.006219   0.03098         0    0.0372       156       416    0.9737    0.9916    0.9949     0.964  0.002499   0.02617         0
