      0/99     6.14G   0.07398    0.2442         0    0.3182       550       416         0         0 0.0001226 2.631e-05   0.03336    0.3449         0
      1/99     6.23G   0.06728    0.2318         0     0.299       227       416         0         0         0         0   0.03361    0.4494         0
      2/99     6.23G   0.06309    0.2405         0    0.3036       554       416    0.2208    0.1891   0.09327   0.01695   0.02955    0.2954         0
      3/99     6.23G   0.05307    0.2874         0    0.3405       531       416   0.02775    0.2992    0.0348   0.00635    0.0334     1.816         0
      4/99     6.23G    0.0498    0.2661         0    0.3158       777       416    0.1017    0.7586    0.5372    0.1772   0.02025    0.2161         0
      5/99     6.23G   0.04484    0.2605         0    0.3053       598       416    0.4963    0.7844    0.5599    0.1178   0.02167    0.2106         0
      6/99     6.23G   0.03906    0.2332         0    0.2723       325       416    0.7161      0.95    0.8873    0.2882   0.01995    0.1557         0
      7/99     6.23G   0.04209    0.2376         0    0.2797       377       416    0.7272    0.9719    0.9327     0.431   0.01576    0.1343         0
      8/99     6.23G   0.03697    0.2165         0    0.2534       238       416    0.1965    0.9945    0.9842    0.5421   0.01448    0.1727         0
      9/99     6.23G   0.03599    0.2358         0    0.2718       383       416     0.706    0.9219    0.7756    0.2266    0.0198    0.1454         0
     10/99     6.23G   0.04012    0.2429         0     0.283       431       416    0.0734     0.675    0.3656   0.06925   0.02213     0.436         0
     11/99     6.23G   0.03855    0.2232         0    0.2617       155       416    0.1194      0.75    0.4731   0.06965   0.02611    0.3341         0
     12/99     6.23G   0.03437    0.2284         0    0.2628       307       416    0.3306    0.9938    0.9938    0.5778   0.01358    0.1389         0
     13/99     6.23G   0.03376    0.2089         0    0.2426       546       416    0.8375    0.9945    0.9906    0.5945   0.01264    0.1085         0
     14/99     6.23G   0.03058    0.1922         0    0.2228        95       416    0.8327    0.9945    0.9949    0.6005   0.01231    0.1113         0
     15/99     6.23G   0.03198    0.1951         0    0.2271       122       416    0.8259     0.993    0.9945    0.6081   0.01215    0.1133         0
     16/99     6.23G   0.03272    0.2141         0    0.2468       320       416   0.09049     0.475     0.182   0.02982   0.02616    0.3317         0
     17/99     6.23G   0.03822     0.245         0    0.2832       154       416   0.09606    0.7531    0.4654    0.1141   0.01899    0.2389         0
     18/99     6.23G   0.03747     0.219         0    0.2565       721       416    0.1876    0.9945    0.9804    0.5855   0.01415    0.2309         0
     19/99     6.23G   0.03485    0.2171         0    0.2519       433       416    0.7548    0.9906    0.9007    0.4616   0.01397    0.1188         0
     20/99     6.23G   0.03356    0.1968         0    0.2304       217       416    0.8097    0.9938    0.9934    0.5561   0.01289    0.1104         0
     21/99     6.23G   0.02927    0.2108         0      0.24       750       416    0.8355    0.9969     0.995    0.6585   0.01144    0.1001         0
     22/99     6.23G    0.0321    0.1892         0    0.2213       317       416    0.8203    0.9953    0.9949    0.6363   0.01178    0.1119         0
     23/99     6.23G   0.03026     0.179         0    0.2093       371       416    0.8482    0.9953     0.995    0.7177  0.009602   0.08875         0
     24/99     6.23G    0.0288     0.168         0    0.1968       233       416    0.8332    0.9953    0.9945    0.6737   0.01075   0.09629         0
     25/99     6.23G   0.02977    0.1845         0    0.2143       633       416    0.8566    0.9953     0.995    0.6363   0.01147    0.1033         0
     26/99     6.23G   0.02783     0.166         0    0.1938       349       416    0.8467    0.9953     0.995    0.7386   0.00946    0.0915         0
     27/99     6.23G   0.02957    0.1661         0    0.1956       420       416    0.8603     0.996     0.995    0.7275   0.01044   0.09353         0
     28/99     6.23G   0.02925    0.1709         0    0.2001       625       416    0.8121    0.9953     0.995    0.7602   0.00855   0.08427         0
     29/99     6.23G   0.02964     0.168         0    0.1977       203       416    0.8543    0.9969     0.995     0.751  0.008536    0.0842         0
     30/99     6.23G   0.02768    0.1637         0    0.1913       289       416    0.8518    0.9969     0.995    0.7771  0.008898   0.08428         0
     31/99     6.23G   0.02627    0.1685         0    0.1948       458       416    0.8424    0.9969     0.995    0.7451  0.009929   0.09113         0
     32/99     6.23G    0.0284    0.1638         0    0.1922       419       416    0.8559    0.9969     0.995     0.709  0.009833   0.08977         0
     33/99     6.23G   0.02373    0.1537         0    0.1775       172       416    0.8395    0.9969     0.995    0.8091  0.007746   0.07598         0
     34/99     6.23G    0.0272    0.1523         0    0.1795       501       416    0.8588    0.9953     0.995    0.8057  0.007901   0.07724         0
     35/99     6.23G   0.02609    0.1707         0    0.1968       585       416    0.8605    0.9969     0.995    0.8029  0.007851   0.07656         0
     36/99     6.23G   0.02503    0.1489         0    0.1739       515       416    0.8509    0.9969     0.995    0.7723  0.008017   0.07862         0
     37/99     6.23G   0.02575    0.1484         0    0.1741       463       416    0.8624    0.9969     0.995    0.8267  0.007651   0.07505         0
     38/99     6.23G    0.0276    0.1461         0    0.1737       297       416     0.844    0.9969     0.995    0.7708  0.008382    0.0942         0
     39/99     6.23G   0.02627    0.1432         0    0.1695       233       416    0.8603    0.9969     0.995    0.8345  0.006878   0.06751         0
     40/99     6.23G    0.0247    0.1584         0    0.1831       366       416    0.8539    0.9969     0.995    0.8254  0.007091   0.07198         0
     41/99     6.23G     0.023    0.1424         0    0.1654       632       416     0.864    0.9969     0.995    0.8163  0.007493   0.07149         0
     42/99     6.23G   0.02456    0.1482         0    0.1728       410       416    0.1916    0.9953    0.9949    0.8119  0.008116    0.1406         0
     43/99     6.23G   0.02477    0.1496         0    0.1744       255       416    0.8409    0.9969     0.995    0.8237  0.007214   0.07454         0
     44/99     6.23G   0.02464    0.1474         0    0.1721       341       416    0.8638    0.9969     0.995     0.802  0.008095   0.07713         0
     45/99     6.23G   0.02365    0.1417         0    0.1654       335       416    0.8608    0.9969     0.995    0.8364  0.006901    0.0668         0
     46/99     6.23G    0.0231    0.1473         0    0.1704       343       416    0.8586    0.9953     0.995    0.8074  0.007462   0.07163         0
     47/99     6.23G   0.02165    0.1428         0    0.1644       313       416    0.8664    0.9969     0.995    0.8372  0.007075   0.06866         0
     48/99     6.23G   0.02409    0.1434         0    0.1675       386       416    0.8559    0.9969     0.995    0.8036  0.007779   0.07356         0
     49/99     6.23G   0.02359    0.1486         0    0.1721       498       416    0.8612    0.9969     0.995    0.8427  0.006719   0.06709         0
     50/99     6.23G   0.02368    0.1287         0    0.1523       256       416    0.8652    0.9977     0.995     0.832  0.006971   0.06937         0
     51/99     6.23G   0.02167    0.1381         0    0.1598       268       416    0.8624    0.9969     0.995    0.8572  0.006358   0.06227         0
     52/99     6.23G   0.02249    0.1255         0     0.148       453       416    0.8612    0.9969     0.995    0.8607   0.00625   0.06173         0
     53/99     6.23G   0.02108    0.1314         0    0.1525       320       416    0.8593    0.9969     0.995    0.8567  0.006283    0.0626         0
     54/99     6.23G   0.02165    0.1312         0    0.1528       439       416    0.8608    0.9969     0.995    0.8475  0.006576    0.0644         0
     55/99     6.23G   0.02144    0.1339         0    0.1554       136       416    0.8672    0.9969     0.995    0.8507  0.006378   0.06247         0
     56/99     6.23G   0.02303    0.1279         0    0.1509       947       416    0.8585    0.9969     0.995    0.8694  0.006199   0.06076         0
     57/99     6.23G    0.0222    0.1238         0     0.146       315       416    0.8661    0.9969     0.995    0.8575  0.006294   0.06087         0
     58/99     6.23G    0.0235    0.1294         0    0.1529       642       416    0.8614    0.9969     0.995    0.8607  0.006312   0.06239         0
     59/99     6.23G   0.02379    0.1279         0    0.1517       278       416    0.8272    0.9969     0.995    0.8694  0.006947   0.06717         0
     60/99     6.23G   0.02196    0.1256         0    0.1475       161       416     0.862    0.9969     0.995    0.8506  0.006347   0.06226         0
     61/99     6.23G   0.01966    0.1332         0    0.1528       569       416    0.8591    0.9969     0.995    0.8737  0.006108   0.06012         0
     62/99     6.23G   0.02281    0.1314         0    0.1542       366       416    0.8587    0.9969     0.995    0.8653  0.006338   0.06177         0
     63/99     6.23G   0.02202     0.121         0     0.143       509       416     0.863    0.9969     0.995    0.8793  0.005853   0.05623         0
     64/99     6.23G   0.02191    0.1177         0    0.1396       198       416    0.8581    0.9969     0.995    0.8679  0.006047   0.05922         0
     65/99     6.23G   0.01884    0.1219         0    0.1407       234       416    0.8595    0.9969     0.995     0.883   0.00582   0.05616         0
     66/99     6.23G   0.02095    0.1157         0    0.1367       813       416    0.8656    0.9969     0.995     0.879  0.005957   0.05721         0
     67/99     6.23G   0.02045     0.117         0    0.1375       278       416    0.8651    0.9969     0.995    0.8837  0.005975   0.05679         0
     68/99     6.23G   0.02124    0.1134         0    0.1347        69       416    0.8621    0.9969     0.995    0.8777  0.006015   0.05697         0
     69/99     6.23G   0.02208    0.1129         0     0.135        92       416    0.8578    0.9969     0.995    0.8833  0.005864   0.05786         0
     70/99     6.23G   0.02178    0.1156         0    0.1374       352       416    0.8652    0.9969     0.995    0.8961  0.005562   0.05318         0
     71/99     6.23G   0.01986     0.113         0    0.1329        74       416    0.8542    0.9969     0.995    0.8819  0.005675   0.05718         0
     72/99     6.23G   0.02093     0.119         0      0.14       501       416    0.8655    0.9969     0.995    0.8871  0.005864   0.05475         0
     73/99     6.23G   0.02054    0.1229         0    0.1435       442       416    0.8571    0.9969     0.995    0.8808  0.005745   0.05624         0
     74/99     6.23G   0.01964    0.1239         0    0.1436       432       416    0.8617    0.9969     0.995    0.8994  0.005488   0.05273         0
     75/99     6.23G   0.01994    0.1166         0    0.1365       335       416    0.8663    0.9969     0.995    0.9039  0.005388   0.05167         0
     76/99     6.23G    0.0189    0.1133         0    0.1322       207       416    0.8582    0.9969     0.995    0.8849  0.005621   0.05414         0
     77/99     6.23G   0.02104    0.1078         0    0.1289       298       416    0.8638    0.9977     0.995    0.8684  0.006511    0.0606         0
     78/99     6.23G   0.01997    0.1112         0    0.1312       243       416     0.864    0.9969     0.995    0.8844   0.00583   0.05635         0
     79/99     6.23G   0.01977    0.1173         0     0.137       701       416    0.8633    0.9969     0.995    0.8972   0.00551   0.05435         0
     80/99     6.23G   0.01941    0.1077         0    0.1271       671       416     0.862    0.9969     0.995    0.8923  0.005542   0.05323         0
     81/99     6.23G      0.02    0.1217         0    0.1417       614       416    0.8612    0.9969     0.995    0.9005  0.005366   0.05217         0
     82/99     6.23G   0.01935    0.1192         0    0.1386       691       416    0.8619    0.9977     0.995    0.9155  0.005296   0.04976         0
     83/99     6.23G   0.02166     0.123         0    0.1446       269       416    0.8665    0.9969     0.995    0.9071  0.005272   0.04968         0
     84/99     6.23G   0.01996    0.1112         0    0.1311       645       416    0.8628    0.9969     0.995     0.908  0.005237    0.0501         0
     85/99     6.23G   0.01961    0.1127         0    0.1323       667       416    0.8615    0.9977     0.995    0.9071  0.005305   0.05047         0
     86/99     6.23G   0.01903     0.109         0    0.1281        97       416    0.8635    0.9969     0.995    0.9081  0.005423   0.05078         0
     87/99     6.23G   0.01941    0.1115         0    0.1309       342       416     0.861    0.9977     0.995    0.9076  0.005274    0.0501         0
     88/99     6.23G    0.0207    0.1035         0    0.1242       350       416    0.8631    0.9969     0.995    0.9118  0.005183    0.0496         0
     89/99     6.23G   0.01962    0.1122         0    0.1318       411       416    0.8666    0.9969     0.995    0.9131  0.005207   0.04942         0
     90/99     6.23G   0.01922     0.108         0    0.1272       407       416    0.8618    0.9969     0.995    0.9112  0.005317   0.05086         0
     91/99     6.23G   0.01967    0.1112         0    0.1308       400       416    0.8681    0.9969     0.995    0.9091  0.005248   0.05091         0
     92/99     6.23G   0.01913    0.1062         0    0.1254       185       416    0.8632    0.9969     0.995    0.9157  0.005165   0.04952         0
     93/99     6.23G   0.02052     0.109         0    0.1296       457       416    0.8613    0.9969     0.995     0.907  0.005358   0.05074         0
     94/99     6.23G   0.02111     0.114         0    0.1351       467       416    0.8624    0.9977     0.995    0.9138  0.005149   0.04939         0
     95/99     6.23G   0.01882    0.1102         0     0.129       287       416    0.8664    0.9977     0.995    0.9119  0.005273   0.04931         0
     96/99     6.23G   0.01991    0.1065         0    0.1264       630       416    0.8622    0.9969     0.995      0.92  0.005207   0.04981         0
     97/99     6.23G      0.02    0.1065         0    0.1265       468       416    0.8673    0.9977     0.995    0.9218  0.005083   0.04858         0
     98/99     6.23G   0.02026    0.1034         0    0.1236       468       416     0.863    0.9977     0.995    0.8998  0.005371   0.05116         0
     99/99     6.23G   0.02037    0.1085         0    0.1289       383       416     0.861    0.9977     0.995    0.9191  0.005147   0.04829         0
