      0/49      6.1G   0.07715    0.1144         0    0.1916       220       416         0         0         0         0   0.03789    0.2441         0
      1/49     6.01G   0.08246    0.1136         0    0.1961       208       416         0         0         0         0   0.03715    0.2491         0
      2/49     6.01G   0.06903    0.1159         0    0.1849       269       416         0         0         0         0   0.03652    0.2522         0
      3/49     6.01G   0.08513    0.1268         0    0.2119       286       416         0         0  1.35e-06 2.056e-07   0.03562    0.2596         0
      4/49     6.01G   0.07134    0.1184         0    0.1897       321       416         0         0 1.616e-06 2.801e-07   0.03471    0.2694         0
      5/49     6.01G   0.06561    0.1244         0      0.19       255       416         0         0 1.953e-06 3.174e-07   0.03396    0.2782         0
      6/49     6.01G   0.06998     0.126         0     0.196       254       416         0         0 2.345e-06 5.217e-07   0.03345    0.2861         0
      7/49     6.01G   0.06943    0.1337         0    0.2032       266       416         0         0 2.806e-06 6.913e-07    0.0332    0.2921         0
      8/49     6.01G   0.06941    0.1203         0    0.1897       337       416         0         0 8.127e-05 8.705e-06   0.03296       0.3         0
      9/49     6.01G   0.06859    0.1095         0    0.1781       248       416         0         0 8.162e-05 1.274e-05   0.03276    0.3102         0
     10/49     6.01G   0.07352    0.1129         0    0.1864       228       416         0         0 1.486e-05 3.108e-06   0.03264    0.3225         0
     11/49     6.01G   0.06115    0.1065         0    0.1676       348       416         0         0         0         0   0.03261    0.3348         0
     12/49     6.01G   0.06656     0.104         0    0.1706       283       416         0         0         0         0   0.03262    0.3458         0
     13/49     6.01G   0.06468    0.1074         0    0.1721       262       416         0         0         0         0   0.03268    0.3537         0
     14/49     6.01G   0.06295    0.1126         0    0.1756       180       416         0         0         0         0   0.03275    0.3588         0
     15/49     6.01G   0.05503    0.1137         0    0.1687       232       416         0         0         0         0    0.0329    0.3612         0
     16/49     6.01G   0.03906    0.1088         0    0.1478       292       416         0         0         0         0   0.03302     0.365         0
     17/49     6.01G   0.04727     0.112         0    0.1592       229       416         0         0         0         0   0.03307    0.3683         0
     18/49     6.01G   0.06416    0.1144         0    0.1785       231       416         0         0         0         0   0.03318    0.3686         0
     19/49     6.01G   0.05842    0.1164         0    0.1749       196       416         0         0 6.019e-07 1.016e-07    0.0333    0.3679         0
     20/49     6.01G   0.04265    0.1137         0    0.1564       289       416         0         0   0.00127 0.0001334   0.03317    0.3679         0
     21/49     6.01G   0.05065    0.1259         0    0.1765       189       416         1 0.0004787  0.008329  0.001688    0.0328     0.367         0
     22/49     6.01G   0.05308    0.1231         0    0.1762       247       416    0.1802  0.005266   0.05518   0.01131   0.03211    0.3421         0
     23/49     6.01G   0.05194    0.1108         0    0.1627       237       416    0.2181   0.03734   0.09162   0.01618   0.03117    0.3079         0
     24/49     6.01G   0.04879    0.1152         0     0.164       258       416    0.2139    0.1154    0.1441   0.02314   0.02923    0.2786         0
     25/49     6.01G   0.05022    0.1166         0    0.1668       300       416    0.2612    0.2494    0.1921   0.03207   0.02746    0.2616         0
     26/49     6.01G   0.04151    0.1162         0    0.1577       287       416    0.2553    0.5586    0.2283   0.03978   0.02568    0.2196         0
     27/49     6.01G    0.0429    0.1132         0    0.1561       278       416    0.2783    0.8215    0.3958   0.07535   0.02353     0.178         0
     28/49     6.01G   0.04322    0.1121         0    0.1554       239       416    0.3208     0.894    0.5532    0.1489   0.02024    0.1713         0
     29/49     6.01G   0.04503    0.1211         0    0.1661       272       416    0.2196    0.9253    0.3836   0.06818   0.02308    0.1483         0
     30/49     6.01G   0.03988    0.1142         0    0.1541       239       416    0.2341    0.9641    0.4896    0.1256   0.01967    0.1384         0
     31/49     6.01G   0.03572    0.1107         0    0.1465       298       416    0.2164    0.9636    0.4578   0.09312   0.02112    0.1378         0
     32/49     6.01G   0.03078    0.1073         0    0.1381       267       416    0.2031    0.9708    0.4875    0.1168   0.01985    0.1526         0
     33/49     6.01G   0.03114    0.1036         0    0.1347       212       416    0.2406     0.967    0.5468    0.1549   0.01986    0.1531         0
     34/49     6.01G   0.03647     0.112         0    0.1485       269       416    0.2558    0.9761    0.6126    0.1857   0.01809    0.1333         0
     35/49     6.01G   0.02856    0.1106         0    0.1392       313       416    0.2392    0.9804    0.6059    0.1684   0.01842    0.1484         0
     36/49     6.01G   0.03367     0.105         0    0.1387       253       416    0.2826    0.9722    0.6308    0.1834   0.01845    0.1378         0
     37/49     6.01G   0.03627    0.1062         0    0.1425       200       416    0.2699    0.9785    0.6004    0.1958    0.0175    0.1372         0
     38/49     6.01G   0.03732    0.1106         0    0.1479       287       416    0.2846    0.9756    0.6694    0.2216   0.01714     0.133         0
     39/49     6.01G   0.03395    0.1028         0    0.1367       276       416    0.2632    0.9737    0.6465    0.2091   0.01763    0.1391         0
     40/49     6.01G   0.02842    0.1073         0    0.1357       223       416    0.2644    0.9722    0.6775    0.2274   0.01783    0.1433         0
     41/49     6.01G   0.03054    0.1019         0    0.1324       268       416    0.2531    0.9809     0.549    0.1462    0.0176    0.1315         0
     42/49     6.01G   0.02763   0.09619         0    0.1238       241       416    0.3395    0.9694    0.7227    0.2578   0.01772    0.1255         0
     43/49     6.01G   0.03137     0.102         0    0.1334       251       416    0.3058    0.9751    0.7446    0.2973   0.01645    0.1218         0
     44/49     6.01G   0.02723    0.1037         0    0.1309       276       416    0.3296    0.9761    0.7035    0.2244   0.01781    0.1443         0
     45/49     6.01G   0.03573    0.1055         0    0.1413       262       416    0.3138    0.9823    0.7233    0.2582   0.01637    0.1221         0
     46/49     6.01G   0.02895    0.1018         0    0.1308       313       416    0.4156    0.9799    0.8185    0.3483   0.01531    0.1167         0
     47/49     6.01G   0.02761   0.09806         0    0.1257       240       416    0.3242    0.9799    0.6467    0.2493   0.01632    0.1228         0
     48/49     6.01G   0.03479    0.1064         0    0.1412       221       416    0.3736    0.9679     0.708    0.2306   0.01737     0.129         0
     49/49     6.01G   0.02604    0.1045         0    0.1305       302       416    0.2697    0.9832    0.5373    0.1208   0.01851    0.1472         0
