==========================================================================================================================
INFO: 4 good regions
Location(s): [[425, 272], [433, 97], [629, 137], [430, 169]]
Size(s): [107150, 373, 439, 360]

INFO: 11 warning regions
Location(s): [[613, 80], [668, 128], [738, 159], [648, 158], [592, 158], [48, 224], [442, 223], [399, 242], [325, 242], [253, 353], [309, 445]]
Size(s): [241, 468, 1058, 1076, 471, 517, 538, 577, 508, 552, 510]

INFO: 7 critical regions
Location(s): [[366, 132], [505, 152], [315, 324], [376, 350], [279, 379], [357, 415], [290, 445]]
Size(s): [107247, 680, 1228, 1289, 686, 1189, 628]
==========================================================================================================================




