      0/49      6.1G   0.07551    0.1172         0    0.1927       143       416         0         0         0         0   0.03632    0.2552         0
      1/49     6.05G   0.07287    0.1376         0    0.2104       208       416         0         0 2.341e-06 4.241e-07   0.03343    0.2822         0
      2/49     6.05G   0.07481    0.1407         0    0.2155        95       416         0         0 0.0007233 0.0001051   0.03263    0.2937         0
      3/49     6.05G   0.06741    0.1136         0     0.181       147       416         0         0 0.0002458 4.391e-05    0.0326    0.3207         0
      4/49     6.05G   0.06246    0.1065         0     0.169        78       416         0         0         0         0   0.03306    0.3461         0
      5/49     6.05G   0.06315    0.1128         0     0.176        98       416         0         0         0         0   0.03411     0.344         0
      6/49     6.05G   0.05404    0.1164         0    0.1704       135       416         0         0 8.011e-07 1.957e-07   0.03501    0.3243         0
      7/49     6.05G   0.04489    0.1134         0    0.1582       111       416    0.2002   0.01857    0.0843   0.01383   0.03146    0.3052         0
      8/49     6.05G   0.04061    0.1168         0    0.1574       114       416      0.17    0.2608     0.163   0.04274   0.02825    0.2351         0
      9/49     6.05G    0.0377    0.1136         0    0.1513       172       416    0.4308    0.8485     0.691    0.1749   0.02117    0.1876         0
     10/49     6.05G   0.04292    0.1185         0    0.1614       144       416    0.4234    0.9117    0.6012    0.2114   0.01985     0.158         0
     11/49     6.05G   0.03442    0.1142         0    0.1487        91       416    0.2227    0.9692    0.4884    0.1003   0.02344    0.1311         0
     12/49     6.05G   0.04001    0.1092         0    0.1492       128       416    0.3976    0.9478       0.5    0.1237   0.02166    0.1365         0
     13/49     6.05G   0.03551    0.1145         0    0.1501       152       416    0.3101    0.9456    0.7838    0.2081   0.02202    0.1278         0
     14/49     6.05G   0.04036    0.1078         0    0.1482       132       416   0.08639    0.5933    0.1535   0.02337   0.03054    0.1709         0
     15/49     6.05G   0.03239    0.1052         0    0.1376        86       416     0.374    0.9758    0.8751    0.2949   0.01874    0.1314         0
     16/49     6.05G   0.03182    0.1063         0    0.1381       115       416    0.3883    0.9713    0.7712    0.1557   0.01916    0.1224         0
     17/49     6.05G   0.03528    0.1002         0    0.1355       151       416    0.4889    0.8892    0.7033    0.1378   0.02538      0.14         0
     18/49     6.05G   0.03046   0.09846         0    0.1289       183       416    0.7164    0.9761    0.9611     0.351   0.01504    0.1099         0
     19/49     6.05G   0.02949    0.1005         0      0.13       129       416    0.5963    0.9776    0.8609    0.3543   0.01352    0.1087         0
     20/49     6.05G    0.0297   0.09522         0    0.1249       103       416     0.145    0.9824    0.9116    0.3992   0.01798    0.1776         0
     21/49     6.05G    0.0277   0.09838         0    0.1261       121       416    0.1531    0.9759    0.8481    0.3401    0.0167    0.1553         0
     22/49     6.05G   0.02931   0.09297         0    0.1223       126       416     0.352    0.9824     0.974    0.5789   0.01193    0.1184         0
     23/49     6.05G    0.0256   0.08953         0    0.1151       113       416    0.5121    0.9845     0.893    0.3371   0.01309   0.09885         0
     24/49     6.05G   0.02661   0.09099         0    0.1176       106       416    0.4211    0.9837    0.7818    0.2591   0.01878    0.1178         0
     25/49     6.05G   0.03112   0.09699         0    0.1281       142       416    0.8013    0.9818    0.9754    0.4247   0.01254   0.09767         0
     26/49     6.05G   0.03032   0.09592         0    0.1262       117       416    0.3952    0.9645    0.9213    0.2258   0.02144    0.1293         0
     27/49     6.05G    0.0311   0.09062         0    0.1217       189       416    0.4761    0.9853    0.7473    0.3033   0.01601    0.1096         0
     28/49     6.05G   0.02924   0.08995         0    0.1192        87       416    0.1196    0.9745    0.8425    0.4572   0.01442       0.3         0
     29/49     6.05G    0.0354    0.1322         0    0.1676        95       416   0.05765    0.7518    0.1472   0.03427   0.02879     0.298         0
     30/49     6.05G   0.02925    0.1142         0    0.1435        80       416 0.0008333   0.01244 1.786e-05 2.939e-06   0.03854      2.91         0
     31/49     6.05G   0.02626    0.1023         0    0.1286        88       416   0.01128    0.1683  0.003053 0.0003355   0.03347     1.867         0
     32/49     6.05G   0.02776   0.09601         0    0.1238       253       416   0.06232    0.8911     0.395   0.07745   0.02463    0.4031         0
     33/49     6.05G     0.024    0.1022         0    0.1262        94       416    0.1621    0.9338    0.8199    0.2752   0.01755    0.1723         0
     34/49     6.06G   0.02248    0.0914         0    0.1139       126       416    0.6376    0.9792    0.9745    0.5902   0.01065    0.1135         0
     35/49     6.06G   0.02637   0.09058         0     0.117       106       416    0.8957    0.9742    0.9754    0.4274   0.01443    0.1051         0
     36/49     6.06G   0.02229    0.0836         0    0.1059       101       416    0.7585    0.9785    0.9595    0.5906   0.01605    0.1049         0
     37/49     6.06G   0.02245   0.08465         0    0.1071        97       416    0.8327    0.9835    0.9846    0.6714  0.009521   0.09039         0
     38/49     6.06G   0.02132   0.08102         0    0.1023        76       416    0.8439    0.9809    0.9801    0.5044   0.01058   0.09256         0
     39/49     6.06G   0.02335   0.08281         0    0.1062        84       416    0.8235    0.9818    0.9834    0.6185  0.009324   0.08906         0
     40/49     6.06G   0.02104   0.08307         0    0.1041       116       416    0.8898    0.9821    0.9847    0.6789  0.008941   0.08179         0
     41/49     6.06G   0.02128   0.08263         0    0.1039       144       416     0.436    0.9871    0.7423    0.4359   0.01628    0.1084         0
     42/49     6.06G    0.0253    0.0868         0    0.1121       151       416    0.8418    0.9808    0.9837    0.4315   0.01456    0.1031         0
     43/49     6.06G   0.02422   0.08753         0    0.1117       115       416    0.7403    0.9827    0.9287    0.4385   0.01134   0.09235         0
     44/49     6.06G   0.02001   0.08247         0    0.1025       141       416     0.864    0.9813    0.9838     0.527   0.01077   0.08812         0
     45/49     6.06G   0.01962   0.08207         0    0.1017       128       416    0.9078    0.9731    0.9809    0.6548  0.009458   0.08449         0
     46/49     6.06G    0.0179   0.08318         0    0.1011       179       416     0.916    0.9792    0.9831    0.7236  0.008115   0.08097         0
     47/49     6.06G   0.01944   0.08112         0    0.1006       143       416    0.9212     0.979    0.9835    0.5468   0.01082   0.09001         0
     48/49     6.06G   0.02042   0.08568         0    0.1061       130       416    0.8613    0.9835    0.9837    0.6922  0.009589    0.0834         0
     49/49     6.06G   0.02101   0.07825         0   0.09925       101       416    0.8916    0.9819    0.9835    0.6814  0.008534   0.08426         0
